50
1 112 129 121 163 114 195 178 118 188 107 186 185 179 167 154 123 163 108 163 143 179 181 106 186 188 193 138 105 147 145 131 152 105 176 191 145 181 157 118 155 148 151 154 187 189 101 157 128 104 
165 173 195 157 111 127 130 144 175 168 166 199 199 157 164 152 148 177 108 199 116 141 118 160 184 112 194 152 104 160 100 166 140 141 178 158 100 101 125 112 136 126 142 154 176 113 160 129 167 104 
144 175 171 111 166 139 182 122 180 160 125 139 194 191 117 139 140 133 102 156 139 158 131 195 134 100 193 199 113 184 150 127 161 162 194 147 116 140 157 142 153 158 187 133 179 185 171 180 101 130 
179 195 133 112 186 163 115 114 173 179 191 168 192 117 180 182 170 146 119 105 100 195 139 197 194 127 142 182 131 102 189 185 186 139 163 136 179 134 168 180 2 108 141 111 167 124 123 146 141 168 
116 112 120 125 119 137 166 128 112 163 129 167 185 167 144 152 192 100 127 196 120 133 199 119 116 156 125 132 131 123 181 148 195 194 125 149 121 155 136 157 137 140 157 130 103 144 195 113 197 109 
182 146 129 177 177 179 119 10 171 123 164 116 106 199 158 167 194 141 197 195 119 194 108 133 170 118 184 143 177 131 169 13 175 158 125 152 146 117 187 163 149 170 179 170 194 117 160 119 149 111 
143 184 159 123 157 138 145 106 116 192 137 169 168 134 132 166 194 183 107 161 195 105 199 158 106 192 179 117 195 130 164 178 155 154 105 195 125 187 186 131 164 156 156 192 176 190 123 185 127 142 
158 107 100 133 128 190 138 154 192 160 199 176 176 166 126 165 180 127 143 167 129 199 198 134 125 168 142 179 197 199 160 163 126 138 157 199 174 134 176 165 190 130 125 177 181 167 170 118 160 134 
3 112 142 176 176 182 128 137 133 116 193 188 120 105 120 134 175 139 195 200 199 198 197 194 105 128 130 169 172 101 149 189 156 160 140 175 128 173 113 130 187 123 133 128 173 137 138 181 185 101 
151 182 118 152 138 149 154 183 121 189 124 105 136 104 142 198 144 137 191 186 153 197 196 126 151 108 122 141 198 153 108 145 124 139 170 148 196 175 145 156 172 137 147 130 168 140 139 109 122 193 
186 198 103 166 121 123 100 191 159 181 190 167 139 191 200 197 196 192 151 127 197 173 195 179 119 112 105 176 194 197 114 127 163 136 123 129 105 184 136 101 168 131 102 143 142 141 160 108 194 109 
149 186 171 112 128 186 178 184 136 142 152 173 123 124 199 198 194 193 192 178 146 166 194 171 172 151 172 128 148 189 186 170 105 152 166 186 162 162 110 154 128 183 145 144 187 102 136 188 122 161 
125 117 196 118 166 119 110 194 109 123 112 194 166 188 120 148 155 199 191 190 189 190 193 170 173 174 124 159 134 129 154 146 184 181 160 105 175 128 180 106 158 147 146 167 120 198 2 107 193 103 
135 126 185 133 143 189 176 189 195 146 176 185 167 136 178 178 195 131 112 187 188 191 192 169 196 175 199 112 180 172 133 194 115 141 192 123 119 165 116 133 149 148 105 187 131 114 161 108 124 117 
169 109 152 172 179 121 102 110 154 151 148 189 198 144 180 186 172 154 185 186 169 168 167 166 197 176 177 197 162 131 129 166 126 104 163 161 102 192 120 124 119 174 196 151 169 160 145 104 147 130 
158 153 187 132 150 123 179 198 133 129 175 135 140 118 123 199 182 183 184 171 170 150 193 167 200 199 178 104 123 191 100 128 142 2 179 147 116 198 149 127 131 189 192 143 198 117 132 129 175 189 
178 188 149 176 100 158 142 137 163 186 142 183 130 131 155 179 181 182 173 172 162 175 148 168 169 157 179 180 181 182 128 127 183 113 115 186 187 114 144 120 143 196 110 196 179 156 173 146 161 190 
125 140 101 173 103 152 164 191 103 100 127 183 156 103 160 179 180 175 174 151 174 153 192 180 170 195 118 146 168 183 136 165 149 158 136 118 188 194 199 182 177 109 196 155 152 173 162 164 199 183 
154 124 179 158 146 147 136 110 142 109 193 118 114 196 110 178 177 176 176 105 106 130 146 149 171 172 147 112 184 184 125 145 145 146 110 100 199 134 130 183 193 114 103 184 198 195 180 112 199 138 
174 149 192 135 154 140 151 166 161 177 179 183 194 168 169 176 180 186 188 171 180 181 134 137 122 173 174 134 105 185 115 146 146 125 122 121 145 138 156 133 190 179 194 170 155 139 150 123 183 150 
103 131 128 152 197 120 162 146 178 105 172 171 114 160 132 174 100 156 174 123 153 151 127 176 134 190 175 176 152 166 186 137 136 185 164 176 190 126 144 131 145 112 164 135 152 137 157 112 125 180 
159 139 127 180 111 177 111 160 152 105 139 125 162 106 118 107 154 154 113 196 103 131 167 174 126 118 165 177 178 179 181 137 138 175 104 129 114 137 116 104 137 121 151 169 125 150 198 116 100 140 
102 172 100 159 104 101 118 135 181 149 157 177 141 186 136 101 158 129 124 186 185 194 177 188 128 121 153 145 139 180 154 104 181 117 173 110 199 187 131 194 180 189 141 173 137 101 196 175 131 140 
190 109 127 146 117 100 198 177 141 130 170 190 178 197 118 128 148 169 141 125 151 180 107 159 147 141 128 136 182 181 133 111 175 118 142 120 133 100 178 106 162 146 174 103 186 195 113 132 184 120 
106 192 156 107 116 192 199 106 166 113 130 120 118 122 128 112 169 184 128 140 166 151 143 169 136 155 191 186 183 198 122 103 100 102 191 105 176 111 113 151 104 146 155 103 19 123 143 144 113 173 
199 148 163 133 120 146 168 139 193 127 129 189 129 189 190 132 127 160 155 112 186 157 166 180 199 154 138 185 184 157 193 173 159 112 137 155 145 126 129 157 156 104 106 145 133 159 174 110 114 142 
122 128 193 152 191 175 149 135 127 161 184 148 145 194 189 197 157 142 111 153 11 138 183 103 101 183 178 172 104 140 154 194 115 126 150 168 168 135 195 148 101 113 126 177 115 165 168 154 161 193 
100 182 151 130 139 178 194 134 136 117 141 113 152 145 135 147 150 120 116 196 175 132 183 108 122 175 172 123 118 110 174 168 191 178 124 149 116 143 166 111 116 194 109 187 188 193 167 170 132 141 
108 166 122 143 164 107 187 147 131 174 101 195 185 180 129 189 128 198 178 158 183 101 169 166 179 137 121 112 197 172 140 170 123 104 135 149 174 141 174 157 146 147 135 140 124 140 120 174 152 139 
125 189 182 188 180 114 167 110 109 132 178 164 138 176 194 124 172 119 16 139 132 113 161 114 176 130 173 189 195 194 190 142 124 181 140 161 188 194 107 128 162 187 155 170 127 111 187 186 183 119 
118 144 146 194 169 166 106 111 186 174 118 185 174 189 112 147 131 187 153 150 124 129 165 128 102 195 162 111 186 182 181 159 128 176 151 124 101 193 139 173 133 147 134 182 190 189 188 185 184 179 
127 193 140 158 138 119 193 158 179 171 128 116 130 150 126 140 148 141 162 174 180 163 180 137 118 162 118 146 155 126 196 128 127 163 139 147 140 157 186 183 178 175 193 192 191 192 160 107 140 139 
176 120 165 140 153 171 102 157 134 110 105 175 145 182 175 126 156 100 100 132 135 167 144 189 105 192 192 197 106 126 162 179 174 2 194 163 126 114 198 194 196 195 194 197 133 134 185 100 180 153 
177 178 155 133 188 163 193 157 149 129 124 120 189 136 116 127 190 149 153 181 167 114 139 141 185 100 138 107 197 153 166 110 170 106 129 110 131 158 145 174 197 196 182 186 130 127 119 160 163 135 
180 179 116 148 104 105 117 109 178 154 142 159 183 139 104 192 179 117 195 109 164 113 159 183 168 182 115 192 151 198 191 162 141 196 197 102 122 143 171 199 198 146 132 184 163 183 167 120 140 119 
181 141 139 165 165 105 170 199 151 170 167 130 110 192 127 184 151 117 114 177 149 125 147 139 175 112 125 124 145 130 183 167 163 138 169 162 109 186 180 142 123 170 152 112 130 163 198 101 169 112 
182 183 141 137 153 114 199 113 113 108 164 118 190 181 191 195 115 111 132 162 130 173 185 116 141 112 137 182 186 166 175 189 111 157 152 167 160 199 161 145 104 157 164 125 104 118 137 161 176 106 
185 184 112 140 119 163 147 114 133 185 106 199 177 173 179 160 177 173 170 120 120 104 185 189 107 126 145 165 113 108 133 121 155 196 106 138 188 188 149 129 124 105 128 181 120 172 161 137 111 108 
186 187 189 192 141 113 195 173 109 182 151 103 133 161 174 177 109 127 133 178 140 167 134 100 103 155 175 157 153 185 117 129 128 108 198 111 164 189 133 130 172 170 108 147 113 175 176 158 111 188 
189 188 159 162 117 184 163 190 118 184 170 144 124 163 167 154 197 105 181 161 101 193 130 125 190 176 144 197 133 102 125 104 172 181 155 100 191 128 148 125 158 159 188 118 172 154 161 157 161 167 
190 169 111 178 143 182 176 169 103 112 153 149 136 111 166 124 135 119 125 151 174 177 197 112 120 191 164 154 125 138 131 181 119 101 182 138 115 197 131 179 153 155 195 179 110 114 108 169 180 144 
111 196 137 177 129 120 154 163 190 107 127 192 170 199 156 109 147 135 182 146 193 101 127 172 177 128 108 165 161 196 106 108 112 144 189 129 146 170 165 142 168 113 127 139 198 192 187 144 178 103 
184 142 101 197 141 126 137 157 107 158 161 141 184 193 122 184 102 194 106 131 126 119 103 141 161 164 139 185 125 168 195 109 137 101 127 125 134 101 168 173 145 156 197 119 118 124 127 169 124 187 
131 175 188 176 123 182 101 123 150 125 137 123 190 113 101 118 168 129 134 176 189 199 116 112 115 135 129 172 144 149 103 164 105 137 124 139 171 132 127 186 114 182 152 134 182 124 148 169 179 166 
174 169 182 109 110 164 133 132 129 159 121 130 100 158 194 194 165 122 129 135 163 171 163 161 117 166 104 192 162 106 124 104 178 162 193 198 165 163 163 188 125 176 125 191 141 168 188 166 176 195 
147 135 169 182 169 177 189 113 148 171 151 123 167 175 113 152 171 111 104 142 127 104 197 155 194 105 195 139 142 145 161 159 110 160 121 142 101 180 179 160 102 191 188 121 181 142 176 131 128 138 
146 116 163 187 115 155 138 170 138 142 108 102 115 150 149 199 119 151 166 183 124 195 149 118 167 102 193 134 138 179 155 137 101 198 166 175 128 137 158 151 195 154 1 157 102 128 198 154 151 134 
112 157 120 162 155 175 133 149 199 190 132 100 137 186 120 187 101 153 191 178 137 181 120 134 142 140 167 109 199 179 130 146 164 112 122 168 166 183 179 195 164 107 101 130 179 111 106 195 115 120 
109 152 185 115 166 198 137 105 106 193 181 129 178 120 117 157 122 135 198 128 163 171 198 109 166 149 134 139 165 187 120 133 173 156 144 149 122 143 152 140 186 112 172 192 156 103 115 195 125 122 
137 104 102 141 115 180 190 161 197 191 120 142 132 116 172 114 107 103 186 160 104 139 135 138 103 177 169 147 190 192 167 180 117 161 181 182 111 195 182 157 199 181 163 161 111 189 137 166 166 189 

